20.7777778
19.9722222
21.1111111
20.7777778
8.94444444
20.9166667
20.8888889
13.2222222
13.6666667
15.5
15.6944444
15.6388889
19.3611111
19.3611111
13.2777778
13.2222222
13.2777778
13.4444444
18.25
15.6111111
15.7777778
15.25
15.7222222
13.2777778
13.3333333
15.6111111
15.4166667
11.3611111
13.1111111
13.5555556
13.1944444
15.6944444
15.6388889
15.4722222
13.1111111
11.5
15.6944444
14.9722222
15.6111111
15.6111111
15.7222222
15.6388889
15.6388889
15.6388889
15.4722222
15.6388889
15.4166667
13.2777778
15.6388889
26.8611111
15.5
15.6111111
13.1388889
15.5
15.6944444
15.5555556
15.6111111
15.7222222
13.2222222
13.2777778
13.1944444
13.1944444
26.7777778
13.4166667
13.3333333
26.7777778
13.3611111
13.4166667
13.4166667
26.25
26.3333333
13.4444444
15.6944444
15.7777778
13.1944444
13.2777778
15.7222222
15.7222222
15.7222222
15.6388889
15.6388889
15.6944444
15.6944444
15.6944444
15.8333333
15.5
13.4166667
26.5
13.4166667
15.7222222
15.8333333
15.4722222
15.5
15.7777778
13.3333333
13.2777778
15.6944444
4.52777778
8.86111111
8.88888889
8.13888889
8.63888889
13.4166667
15.5
15.5
15.4166667
15.6944444
15.6388889
15.4166667
4.47222222
8.94444444
8.94444444
8.41666667
13.6666667
15.5555556
15.7777778
15.4722222
15.6111111
15.5555556
15.6388889
15.7777778
15.5555556
15.7222222
15.4722222
15.7222222
15.6388889
15.5
15.6388889
15.6944444
15.6111111
15.6388889
15.6111111
15.4722222
15.4166667
13.1111111
15.5
13.1944444
15.6388889
13.1944444
13.1944444
15.6388889
13.1111111
13.1944444
13.1111111
13.1944444
15.6111111
15.4722222
15.6388889
15.7222222
15.7222222
13.1111111
13.1111111
13.0555556
15.7222222
15.5555556
15.5
13.2222222
13.2222222
15.8611111
15.5555556
13.1944444
15.5
15.6111111
15.7222222
13.1944444
15.6944444
15.75
13.4444444
13.4166667
13.4166667
16.1944444
15.6388889
15.8611111
13.2222222
15.6388889
13.1944444
15.7222222
15.6388889
13.1944444
15.8333333
15.6388889
15.6111111
16.1388889
16.3611111
14.3055556
13.8611111
16.1388889
16.3055556
16.1944444
16.2222222
16.1944444
15.6388889
16
16.5
15.75
13.1944444
13.1944444
13.1944444
13.1111111
16.5
16.3055556
16.1388889
15.5
15.75
15.6388889
15.5
13.1944444
13.1111111
13.1944444
16.1388889
18.0277778
15.6388889
13.4166667
15.6388889
15.6388889
15.7777778
15.6388889
15.6388889
15.5555556
13.1111111
13.1111111
15.5833333
15.6111111
15.6111111
15.5555556
15.6388889
15.75
15.6388889
15.5555556
15.6388889
13.1944444
13.2222222
13.2222222
13.2777778
13.1111111
15.6666667
15.6111111
15.6944444
15.6388889
13.3611111
15.7222222
13.1388889
13.2222222
15.6388889
15.6388889
13.2222222
13.2777778
13.1388889
13.2222222
13.2777778
13.1944444
13.0555556
15.7222222
15.7222222
15.6388889
15.5277778
15.5277778
13.5833333
15.6388889
15.6944444
15.8611111
16.8888889
13.4166667
13.4722222
15.6111111
13.2222222
15.6388889
13.1666667
15.6944444
11.3333333
13.1944444
15.6944444
11.25
13.25
11.3611111
13.4444444
15.6111111
15.6388889
15.5555556
13.1388889
13.5833333
15.7777778
13.2666667
16.8888889
16.5277778
13.5277778
16.7222222
13.1111111
16.8611111
16.8888889
16.7638889
11.2027778
11.1805556
11.1361111
13.2222222
11.0833333
15.6944444
13.6111111
13.2222222
13.1611111
15.5555556
15.75
13.075
13.0388889
12.9861111
15.7222222
15.6666667
15.6944444
13.3888889
15.7222222
15.6944444
11.2222222
17.2222222
17.2222222
14.6944444
14.7222222
14.7222222
14.75
14.7222222
14.8611111
17.1388889
14.8055556
14.6666667
14.6666667
14.75
14.75
17.1944444
17.25
17.25
17.2222222
17.2222222
14.6944444
17.1944444
11.2777778
11.1111111
15.6944444
15.6666667
13.1944444
13.1666667
13.1944444
13.2722222
13.3333333
13.3083333
15.7777778
15.6388889
15.7333333
15.6388889
15.6388889
13.3
13.0805556
13.2777778
13.1111111
15.5833333
15.5555556
11.1666667
15.6111111
15.6388889
11.1666667
15.5527778
13.3888889
13.3055556
11.1111111
16.5555556
15.5111111
15.6944444
13.3055556
13.3888889
6.38888889
10.9166667
13.3222222
9.05555556
13.3055556
13.4027778
13.25
13.2972222
11.2222222
15.825
11.0555556
11.0555556
11.1111111
15.7805556
11.0555556
15.6944444
11.0833333
11.0833333
11
11.0833333
11.0555556
11.0833333
15.6944444
15.6944444
15.6388889
11.0555556
11.0833333
11.0555556
15.6388889
15.6472222
15.6944444
15.6944444