0.3
0.132
0.218
0.229
0.038
0.3
0.269
0.541
0.307
0.386
0.432
0.551
0.792
0.792
0.363
0.274
0.419
0.203
0.452
0.564
0.592
0.617
0.617
0.406
0.376
0.579
0.25
0.25
0.45
0.503
0.432
0.572
0.627
0.572
0.47
0.576
0.544
0.531
0.592
0.538
0.572
0.607
0.572
0.594
0.551
0.544
0.538
0.417
0.49
0.406
0.663
0.572
0.401
0.599
0.615
0.594
0.549
0.589
0.406
0.381
0.508
0.406
0.516
0.445
0.229
0.775
0.189
0.46
0.452
0.663
0.846
0.249
0.554
0.569
0.368
0.366
0.48
0.531
0.665
0.503
0.513
0.462
0.572
0.536
0.503
0.533
0.48
0.8
0.244
0.536
0.5
0.546
0.49
0.531
0.445
0.368
0.511
0.166
0.305
0.434
0.538
0.729
1.273
0.648
0.627
0.544
0.65
0.587
0.673
0.138
0.18
0.315
0.589
1.003
0.528
0.64
0.701
0.483
0.579
0.406
0.569
0.587
0.554
0.549
0.62
0.605
0.483
0.445
0.645
0.483
0.404
0.536
0.493
0.538
0.605
0.584
0.45
0.478
0.391
0.49
0.541
0.356
0.434
0.46
0.455
0.384
0.638
0.544
0.533
0.528
0.457
0.356
0.371
0.541
0.5
0.643
0.411
0.353
0.528
0.635
0.472
0.457
0.531
0.457
0.371
0.287
1.013
0.33
0.28
0.41
1.171
0.579
0.513
0.371
0.559
0.47
0.63
0.404
0.335
0.465
0.472
0.478
0.777
0.841
0.495
0.533
0.551
0.686
0.701
0.838
0.541
0.658
0.706
0.706
0.671
0.312
0.358
0.389
0.432
1.367
0.95
0.991
0.483
0.417
0.399
0.389
0.348
0.358
0.381
1.041
0.602
0.465
0.35
0.423
0.367
0.465
0.435
0.473
0.424
0.254
0.345
0.46
0.464
0.505
0.492
0.455
0.445
0.327
0.202
0.584
0.427
0.175
0.396
0.335
0.363
0.496
0.518
0.475
0.527
0.356
0.419
0.328
0.259
0.43
0.544
0.183
0.269
0.34
0.291
0.27
0.292
0.317
0.444
0.401
0.44
0.531
0.45
0.263
0.444
0.369
0.596
0.585
0.929
0.723
0.41
0.34
0.49
0.333
0.466
0.348
0.274
0.476
0.4
0.34
0.287
0.316
0.393
0.458
0.329
0.465
0.352
0.214
0.559
0.488
0.347
0.657
0.31
0.641
0.567
0.661
0.591
0.231
0.545
0.37
0.401
0.363
0.542
0.244
0.164
0.276
0.315
0.227
0.192
0.186
0.353
0.301
0.429
0.332
0.714
0.198
0.248
0.346
0.277
0.206
0.28
0.354
0.428
0.502
0.576
0.65
0.724
0.114
0.159
0.204
0.249
0.294
0.339
0.384
0.429
0.474
0.519
0.564
0.19
0.198
0.29
0.338
0.277
0.339
0.316
0.121
0.247
0.268
0.248
0.288
0.384
0.467
0.186
0.197
0.388
0.219
0.13
0.362
0.1
0.507
0.312
0.378
0.295
0.255
0.315
0.435
0.417
0.311
0.226
0.239
0.304
0.063
0.245
0.408
0.15
0.35
0.339
0.128
0.288
0.327
0.338
0.184
0.225
0.253
0.302
0.225
0.419
0.238
0.28
0.123
0.176
0.155
0.232
0.342
0.239
0.401
0.197
0.174
0.166
0.259
0.27
0.413
0.271
0.29
0.436