0.493
0.3
0.45
0.348
0.152
0.45
0.498
0.533
0.315
0.478
0.508
0.653
0.77
0.77
0.404
0.338
0.439
0.203
0.399
0.574
0.599
0.645
0.63
0.47
0.376
0.605
0.51
0.25
0.457
0.528
0.437
0.62
0.665
0.582
0.467
0.556
0.561
0.533
0.592
0.577
0.47
0.62
0.602
0.599
0.569
0.572
0.556
0.429
0.615
0.457
0.66
0.607
0.445
0.592
0.638
0.65
0.549
0.64
0.457
0.432
0.533
0.419
0.505
0.696
0.508
0.643
0.305
0.564
0.533
0.671
0.765
0.457
0.612
0.61
0.381
0.368
0.538
0.533
0.635
0.511
0.551
0.533
0.577
0.495
0.592
0.551
0.452
0.622
0.564
0.518
0.511
0.556
0.559
0.566
0.564
0.516
0.587
0.164
0.307
0.437
0.549
0.726
1.29
0.699
0.627
0.605
0.699
0.638
0.737
0.199
0.3
0.478
0.605
0.95
0.566
0.688
0.805
0.495
0.584
0.48
0.622
0.561
0.632
0.63
0.625
0.607
0.498
0.516
0.709
0.546
0.411
0.528
0.574
0.551
0.663
0.643
0.455
0.533
0.411
0.508
0.582
0.414
0.475
0.48
0.493
0.455
0.691
0.556
0.594
0.635
0.511
0.373
0.368
0.605
0.533
0.605
0.508
0.34
0.574
0.48
0.572
0.495
0.577
0.516
0.439
0.544
0.96
0.3
0.278
0.25
1.046
0.663
0.49
0.424
0.589
0.455
0.648
0.498
0.376
0.46
0.5
0.483
0.693
0.81
0.521
0.406
0.594
0.63
0.625
0.82
0.478
0.658
0.635
0.594
0.592
0.371
0.378
0.411
0.462
1.29
0.965
1.029
0.508
0.521
0.478
0.432
0.368
0.373
0.444
0.909
0.702
0.487
0.3
0.498
0.522
0.544
0.554
0.524
0.492
0.366
0.417
0.49
0.488
0.558
0.493
0.48
0.575
0.39
0.336
0.589
0.457
0.277
0.401
0.368
0.386
0.513
0.506
0.501
0.591
0.464
0.457
0.427
0.277
0.508
0.547
0.467
0.325
0.385
0.358
0.348
0.353
0.376
0.452
0.395
0.543
0.565
0.565
0.355
0.512
0.457
0.765
0.56
0.725
0.797
0.491
0.335
0.52
0.4
0.502
0.291
0.299
0.518
0.357
0.382
0.226
0.449
0.466
0.515
0.338
0.457
0.519
0.402
0.549
0.521
0.428
0.611
0.369
0.632
0.5
0.584
0.51
0.26
0.359
0.443
0.34
0.361
0.434
0.298
0.254
0.432
0.441
0.435
0.35
0.312
0.489
0.421
0.579
0.396
0.72
0.131
0.292
0.456
0.364
0.281
0.302
0.323
0.344
0.365
0.386
0.407
0.428
0.092
0.143
0.194
0.245
0.296
0.347
0.398
0.449
0.5
0.551
0.602
0.222
0.224
0.375
0.471
0.378
0.409
0.351
0.264
0.324
0.376
0.365
0.435
0.483
0.543
0.306
0.378
0.228
0.358
0.14
0.464
0.219
0.508
0.404
0.267
0.532
0.372
0.373
0.388
0.419
0.482
0.307
0.406
0.458
0.149
0.328
0.446
0.26
0.446
0.407
0.28
0.447
0.373
0.405
0.274
0.308
0.323
0.364
0.265
0.528
0.333
0.352
0.242
0.227
0.147
0.341
0.53
0.308
0.468
0.302
0.283
0.311
0.409
0.386
0.476
0.459
0.448
0.472