0.384
0.267
0.3
0.249
0.279
0.348
0.409
0.533
0.318
0.556
0.495
0.759
0.757
0.757
0.427
0.351
0.452
0.168
0.381
0.582
0.602
0.643
0.632
0.48
0.394
0.589
0.58
0.33
0.457
0.528
0.442
0.665
0.673
0.587
0.465
0.536
0.574
0.528
0.61
0.615
0.368
0.643
0.622
0.617
0.582
0.615
0.574
0.442
0.635
0.424
0.691
0.612
0.467
0.579
0.65
0.66
0.546
0.673
0.4315
0.4065
0.5205
0.4125
0.523
0.691
0.732
0.503
0.597
0.612
0.556
0.612
0.678
0.516
0.673
0.61
0.375
0.378
0.572
0.544
0.62
0.546
0.574
0.584
0.607
0.488
0.63
0.569
0.719
0.556
0.795
0.485
0.521
0.569
0.572
0.599
0.526
0.536
0.61
0.174
0.307
0.447
0.554
0.734
1.336
0.724
0.638
0.671
0.716
0.663
0.828
0.145
0.368
0.528
0.645
0.955
0.577
0.714
0.838
0.498
0.574
0.495
0.61
0.599
0.681
0.681
0.632
0.622
0.498
0.533
0.721
0.574
0.427
0.556
0.645
0.554
0.632
0.648
0.465
0.544
0.427
0.533
0.607
0.437
0.556
0.498
0.528
0.493
0.706
0.561
0.625
0.671
0.564
0.376
0.378
0.564
0.511
0.607
0.546
0.333
0.709
0.472
0.599
0.505
0.599
0.541
0.439
0.584
0.927
0.38
0.268
0.2
1.019
0.729
0.477
0.475
0.592
0.472
0.676
0.556
0.442
0.45
0.483
0.46
0.531
0.833
0.541
0.274
0.495
0.582
0.605
0.546
0.351
0.737
0.622
0.434
0.589
0.381
0.396
0.424
0.462
0.884
0.922
0.874
0.528
0.533
0.538
0.46
0.366
0.328
0.452
0.833
0.743
0.452
0.32
0.482
0.52
0.545
0.528
0.542
0.53
0.434
0.447
0.503
0.498
0.566
0.551
0.508
0.57
0.416
0.375
0.62
0.554
0.343
0.396
0.361
0.404
0.513
0.498
0.538
0.609
0.495
0.483
0.452
0.292
0.543
0.562
0.72
0.348
0.43
0.38
0.347
0.381
0.335
0.458
0.392
0.558
0.594
0.547
0.39
0.568
0.512
0.825
0.43
0.641
0.8
0.52
0.384
0.53
0.404
0.492
0.226
0.302
0.582
0.264
0.398
0.192
0.459
0.519
0.53
0.395
0.387
0.53
0.444
0.525
0.518
0.488
0.552
0.415
0.435
0.437
0.473
0.246
0.28
0.268
0.486
0.247
0.37
0.398
0.315
0.27
0.468
0.516
0.453
0.439
0.367
0.506
0.409
0.585
0.396
0.577
0.38
0.302
0.418
0.245
0.302
0.375
0.448
0.521
0.594
0.667
0.74
0.333
0.093
0.127
0.161
0.195
0.229
0.263
0.297
0.331
0.365
0.399
0.433
0.134
0.228
0.381
0.491
0.443
0.425
0.356
0.327
0.301
0.366
0.42
0.48
0.507
0.561
0.331
0.346
0.264
0.357
0.276
0.413
0.214
0.52
0.5
0.258
0.524
0.365
0.33
0.273
0.382
0.494
0.351
0.456
0.492
0.137
0.38
0.439
0.285
0.455
0.432
0.319
0.494
0.227
0.519
0.345
0.322
0.371
0.383
0.27
0.547
0.406
0.406
0.261
0.276
0.145
0.419
0.58
0.344
0.493
0.365
0.354
0.31
0.434
0.449
0.532
0.473
0.509
0.501