0.488
0.328
0.5
0.399
0.419
0.3
0.3
0.528
0.32
0.594
0.498
0.64
0.815
0.815
0.368
0.31
0.424
0.142
0.338
0.582
0.592
0.638
0.648
0.475
0.391
0.592
0.71
0.38
0.452
0.536
0.447
0.671
0.66
0.574
0.462
0.45
0.579
0.544
0.597
0.63
0.262
0.632
0.62
0.61
0.584
0.617
0.572
0.429
0.643
0.475
0.737
0.607
0.467
0.579
0.65
0.671
0.549
0.65
0.4315
0.4065
0.5205
0.4125
0.549
0.455
0.716
0.343
0.577
0.34
0.544
0.61
0.617
0.511
0.665
0.635
0.375
0.384
0.582
0.544
0.605
0.546
0.597
0.579
0.577
0.488
0.592
0.577
0.732
0.427
0.605
0.493
0.521
0.569
0.566
0.607
0.526
0.533
0.625
0.166
0.292
0.437
0.546
0.724
1.349
0.716
0.61
0.681
0.678
0.653
0.79
0.145
0.366
0.528
0.653
0.955
0.569
0.701
0.795
0.483
0.572
0.493
0.602
0.599
0.699
0.686
0.62
0.625
0.495
0.554
0.719
0.579
0.432
0.551
0.658
0.566
0.615
0.635
0.47
0.549
0.427
0.526
0.63
0.437
0.556
0.5
0.518
0.5
0.709
0.564
0.615
0.66
0.582
0.376
0.376
0.528
0.516
0.607
0.526
0.361
0.455
0.5
0.594
0.503
0.566
0.533
0.437
0.582
0.93
0.46
0.265
0.28
0.681
0.704
0.477
0.462
0.592
0.472
0.683
0.564
0.439
0.437
0.49
0.46
0.3
0.711
0.3
0.16
0.312
0.419
0.325
0.292
0.282
0.432
0.351
0.244
0.335
0.376
0.399
0.432
0.488
0.63
0.879
0.648
0.531
0.551
0.531
0.472
0.373
0.335
0.432
0.531
0.732
0.462
0.315
0.47
0.527
0.557
0.529
0.551
0.536
0.455
0.452
0.506
0.498
0.553
0.486
0.498
0.575
0.441
0.387
0.649
0.513
0.386
0.381
0.328
0.432
0.52
0.506
0.522
0.616
0.487
0.492
0.447
0.284
0.546
0.541
0.457
0.363
0.419
0.42
0.347
0.381
0.38
0.451
0.4
0.547
0.606
0.565
0.39
0.58
0.498
0.812
0.285
0.574
0.822
0.525
0.389
0.511
0.395
0.443
0.223
0.29
0.492
0.147
0.384
0.182
0.451
0.504
0.521
0.434
0.395
0.523
0.455
0.339
0.262
0.49
0.376
0.404
0.321
0.302
0.329
0.241
0.249
0.177
0.512
0.204
0.361
0.423
0.312
0.265
0.473
0.552
0.444
0.383
0.405
0.486
0.417
0.585
0.4
0.348
0.584
0.29
0.518
0.223
0.288
0.42
0.049
0.1
0.113
0.104
0.111
0.27
0.095
0.119
0.143
0.167
0.228
0.215
0.239
0.263
0.287
0.311
0.335
0.177
0.198
0.351
0.502
0.458
0.442
0.357
0.327
0.29
0.422
0.439
0.481
0.529
0.568
0.322
0.337
0.209
0.363
0.428
0.228
0.204
0.511
0.501
0.268
0.526
0.36
0.321
0.238
0.405
0.508
0.403
0.49
0.413
0.108
0.357
0.432
0.279
0.457
0.432
0.314
0.499
0.141
0.545
0.331
0.318
0.358
0.396
0.261
0.589
0.424
0.44
0.303
0.273
0.136
0.439
0.575
0.359
0.49
0.342
0.385
0.309
0.453
0.442
0.53
0.479
0.527
0.506