0.41625
0.25675
0.367
0.30625
0.241
0.3495
0.369
0.53375
0.318
0.455
0.472
0.523
0.7835
0.7835
0.3905
0.31825
0.4335
0.176
0.297
0.577
0.579
0.635
0.645
0.472
0.376
0.587
0.84
0.58
0.457
0.521
0.452
0.64
0.627
0.544
0.46
0.45
0.561
0.523
0.561
0.617
0.165
0.62
0.602
0.566
0.564
0.599
0.556
0.439
0.615
0.457
0.688
0.584
0.45
0.599
0.63
0.673
0.533
0.589
0.4315
0.4065
0.5205
0.4125
0.554
0.241
0.455
0.28
0.246
0.253
0.508
0.483
0.432
0.46
0.64
0.64
0.375
0.381
0.582
0.513
0.594
0.508
0.592
0.556
0.574
0.472
0.554
0.566
0.445
0.152
0.295
0.505
0.526
0.559
0.547
0.587
0.566
0.564
0.617
0.156
0.269
0.424
0.523
0.701
1.356
0.709
0.622
0.627
0.66
0.632
0.775
0.179
0.3
0.46
0.594
0.894
0.551
0.709
0.696
0.48
0.559
0.452
0.63
0.577
0.673
0.638
0.592
0.63
0.498
0.564
0.699
0.549
0.422
0.554
0.607
0.561
0.605
0.612
0.455
0.549
0.417
0.513
0.638
0.417
0.521
0.483
0.508
0.48
0.681
0.559
0.574
0.655
0.561
0.386
0.376
0.493
0.516
0.615
0.478
0.363
0.188
0.373
0.566
0.498
0.566
0.483
0.434
0.546
0.447
0.51
0.235
0.25
0.33
0.704
0.434
0.429
0.569
0.45
0.681
0.533
0.396
0.429
0.467
0.457
0.268
0.259
0.271
0.152
0.201
0.145
0.172
0.221
0.238
0.359
0.284
0.235
0.333
0.371
0.366
0.419
0.462
0.368
0.462
0.356
0.516
0.518
0.485
0.462
0.368
0.373
0.432
0.241
0.724
0.485
0.418
0.48
0.517
0.55
0.482
0.549
0.516
0.399
0.457
0.483
0.513
0.536
0.469
0.47
0.57
0.46
0.387
0.634
0.432
0.379
0.373
0.292
0.409
0.514
0.51
0.491
0.597
0.471
0.489
0.406
0.251
0.503
0.534
0.457
0.376
0.42
0.418
0.35
0.366
0.256
0.446
0.387
0.525
0.58
0.62
0.375
0.576
0.456
0.783
0.14
0.511
0.864
0.483
0.378
0.516
0.366
0.423
0.237
0.266
0.291
0.265
0.354
0.182
0.413
0.376
0.502
0.415
0.4
0.482
0.422
0.261
0.238
0.428
0.191
0.358
0.28
0.28
0.271
0.222
0.21
0.168
0.402
0.192
0.336
0.48
0.29
0.213
0.458
0.513
0.348
0.319
0.398
0.431
0.406
0.537
0.404
0.1
0.816
0.284
0.344
0.203
0.234
0.28
0.079
0.098
0.104
0.101
0.121
0.248
0.1
0.113
0.125
0.139
0.252
0.222
0.28
0.191
0.204
0.217
0.23
0.133
0.199
0.304
0.494
0.411
0.457
0.336
0.265
0.292
0.474
0.404
0.459
0.492
0.561
0.318
0.349
0.23
0.341
0.498
0.228
0.19
0.505
0.421
0.198
0.531
0.365
0.358
0.198
0.208
0.492
0.352
0.441
0.413
0.082
0.306
0.429
0.28
0.436
0.375
0.273
0.505
0.22
0.425
0.274
0.301
0.314
0.414
0.199
0.43
0.336
0.307
0.236
0.232
0.128
0.35
0.351
0.311
0.474
0.269
0.283
0.301
0.419
0.375
0.492
0.437
0.311
0.468