0.41625
0.25675
0.367
0.30625
0.076
0.3495
0.369
0.53375
0.315
0.371
0.429
0.6252
0.7835
0.7835
0.3905
0.31825
0.4335
0.145
0.259
0.576
0.569
0.597
0.6344
0.406
0.373
0.569
0.9
0.46
0.447
0.478
0.457
0.605
0.594
0.485
0.457
0.42
0.541
0.49
0.538
0.597
0.225
0.589
0.579
0.523
0.544
0.599
0.533
0.46
0.516
0.444
0.688
0.544
0.429
0.599
0.617
0.612
0.531
0.546
0.4315
0.4065
0.5205
0.4125
0.536
0.22
0.203
0.246
0.215
0.226
0.307
0.396
0.335
0.366
0.579
0.643
0.375
0.373
0.569
0.541
0.615
0.533
0.569
0.488
0.523
0.493
0.511
0.551
0.338
0.5114
0.236
0.544
0.516
0.551
0.547
0.556
0.424
0.439
0.572
0.141
0.244
0.399
0.48
0.653
1.344
0.724
0.607
0.564
0.648
0.62
0.861
0.142
0.206
0.399
0.541
0.826
0.518
0.691
0.668
0.46
0.531
0.406
0.566
0.602
0.597
0.544
0.566
0.617
0.47
0.528
0.66
0.493
0.409
0.457
0.549
0.508
0.574
0.551
0.417
0.528
0.399
0.516
0.645
0.356
0.445
0.48
0.485
0.434
0.638
0.541
0.472
0.589
0.528
0.384
0.378
0.439
0.516
0.65
0.389
0.358
0.491
0.2
0.49
0.457
0.503
0.432
0.366
0.302
0.048
0.56
0.214
0.18
0.114
0.607
0.472
0.399
0.559
0.419
0.676
0.498
0.34
0.432
0.46
0.437
0.223
0.189
0.232
0.133
0.183
0.145
0.13
0.189
0.189
0.27
0.22
0.198
0.298
0.32
0.368
0.389
0.432
0.178
0.38
0.243
0.47
0.442
0.409
0.419
0.345
0.34
0.366
0.236
0.651
0.475
0.38
0.29
0.364
0.385
0.46
0.544
0.464
0.371
0.366
0.452
0.464
0.499
0.436
0.444
0.45
0.441
0.199
0.604
0.389
0.272
0.345
0.234
0.386
0.5
0.517
0.481
0.593
0.395
0.416
0.318
0.284
0.475
0.55
0.457
0.328
0.283
0.4
0.272
0.353
0.303
0.423
0.363
0.43
0.589
0.45
0.31
0.414
0.362
0.717
0.055
0.389
0.675
0.323
0.384
0.507
0.356
0.353
0.265
0.236
0.292
0.2866
0.305
0.2138
0.336
0.215
0.375
0.39
0.426
0.355
0.265
0.277
0.24
0.352
0.192
0.31
0.196
0.26
0.19
0.362
0.246
0.3034
0.309
0.2768
0.322
0.541
0.231
0.13
0.237
0.343
0.224
0.228
0.272
0.333
0.369
0.404
0.346
0.4918
0.673
0.215
0.254
0.24
0.22
0.32
0.107
0.137
0.156
0.116
0.195
0.238
0.153
0.159
0.165
0.171
0.277
0.227
0.23
0.195
0.201
0.207
0.213
0.158
0.196
0.231
0.33
0.298
0.409
0.235
0.13
0.188
0.319
0.346
0.343
0.388
0.444
0.113
0.167
0.198
0.185
0.524
0.198
0.12
0.514
0.305
0.2738
0.313
0.189
0.354
0.208
0.198
0.417
0.257
0.33
0.262
0.015
0.239
0.365
0.128
0.323
0.277
0.129
0.339
0.2576
0.243
0.201
0.178
0.235
0.368
0.179
0.302
0.22
0.241
0.145
0.13
0.199
0.228
0.028
0.243
0.424
0.196
0.166
0.218
0.272
0.259
0.437
0.254
0.417
0.385