1378
1378
1381
1384
1272
1378
1378
1300
1435
1339
1360
1391
1398
1398
1412
1419
1444
1280
1471
1255
1286
1378
1391
1424
1437
1337
1358
1359
1345
1363
1270
1392
1381
1340
1313
1360
1361
1361
1360
1357
1365
1361
1358
1362
1361
1361
1361
1332
1316
1315
1451
1282
1451
1388
1370
1329
1352
1411
1439
1395
1336
1453
1273
1265
1310
1298
1372
1334
1327
1354
1357
1329
1320
1315
1336
1428
1403
1252
1282
1397
1411
1407
1361
1442
1361
1261
1333
1295
1281
1276
1352
1465
1306
1438
1381
1349
1359
1254
1254
1254
1254
1254
1254
1470
1474
1456
1438
1388
1379
1360
1360
1360
1360
1360
1290
1284
1402
1275
1356
1335
1324
1293
1474
1429
1360
1282
1352
1389
1251
1338
1397
1442
1415
1261
1411
1361
1280
1324
1332
1350
1379
1267
1424
1290
1253
1474
1383
1343
1356
1465
1402
1423
1427
1406
1397
1288
1454
1256
1252
1261
1417
1322
1389
1396
1391
1350
1442
1445
1459
1455
1292
1419
1286
1325
1468
1461
1284
1316
1309
1308
1477
1254
1369
1369
1370
1370
1369
1369
1369
1369
1370
1369
1365
1369
1369
1470
1253
1437
1417
1297
1301
1315
1339
1384
1325
1471
1324
1320
1297
1456
1297
1404
1400
1404
1324
1256
1441
1263
1433
1273
1358
1445
1344
1467
1467
1379
1447
1369
1441
1456
1467
1355
1271
1362
1263
1325
1449
1290
1256
1334
1394
1404
1460
1288
1293
1267
1290
1383
1268
1272
1260
1308
1447
1347
1422
1382
1378
1277
1254
1354
1382
1278
1398
1378
1457
1349
1435
1379
1347
1322
1321
1368
1428
1453
1424
1419
1441
1414
1320
1251
1473
1277
1303
1414
1472
1359
1356
1360
1307
1419
1313
1388
1388
1388
1301
1288
1302
1395
1442
1255
1273
1259
1387
1383
1388
1459
1321
1255
1432
1433
1432
1432
1361
1364
1358
1363
1362
1358
1363
1364
1358
1368
1368
1368
1368
1359
1361
1364
1361
1364
1365
1363
1363
1376
1376
1430
1379
1452
1478
1358
1389
1353
1268
1341
1335
1346
1438
1369
1358
1347
1339
1331
1419
1379
1252
1410
1411
1455
1329
1325
1315
1399
1458
1322
1340
1385
1378
1457
1329
1465
1457
1338
1448
1422
1404
1475
1465
1466
1387
1444
1473
1443
1379
1365
1364
1467
1444
1379
1364
1472
1349
1298
1360
1355
1263
1394
1336
1440
1350