0.427875
0.269225
0.3819
0.313975
0.2296
0.35445
0.379
0.533025
0.3164
0.4923
0.4807
0.63262
0.78265
0.78265
0.39325
0.322675
0.43495
0.1726
0.3541
0.577
0.5905
0.6336
0.63614
0.4606
0.3823
0.5894
0.643
0.379
0.4543
0.5207
0.4445
0.6369
0.6471
0.5631
0.4635
0.498
0.5635
0.5277
0.585
0.6013
0.3327
0.6226
0.6043
0.5901
0.5693
0.5949
0.5587
0.4355
0.6022
0.4476
0.6903
0.5936
0.4488
0.5896
0.6368
0.6514
0.5434
0.6239
0.43405
0.40905
0.52175
0.41315
0.5314
0.4831
0.5254
0.4559
0.3854
0.4224
0.5041
0.5811
0.6165
0.4503
0.6313
0.6202
0.3755
0.3761
0.5597
0.534
0.6188
0.5258
0.571
0.5454
0.5765
0.4915
0.575
0.561
0.5514
0.48254
0.4998
0.5082
0.5174
0.5603
0.5525
0.5805
0.5233
0.5105
0.5961
0.1627
0.2899
0.4323
0.5362
0.7152
1.3279
0.7068
0.6228
0.6276
0.6804
0.6379
0.7794
0.1616
0.3054
0.4702
0.6124
0.9337
0.5572
0.6955
0.7637
0.4855
0.5688
0.4652
0.6063
0.5861
0.6521
0.6363
0.6124
0.619
0.4931
0.5307
0.7001
0.5472
0.4197
0.5371
0.601
0.551
0.6209
0.6211
0.4557
0.5356
0.4154
0.5166
0.61
0.4122
0.5095
0.4862
0.5034
0.4674
0.685
0.5565
0.5821
0.6359
0.5421
0.3762
0.3745
0.536
0.5168
0.6161
0.4916
0.3505
0.4871
0.4485
0.5624
0.4916
0.565
0.5035
0.4235
0.5101
0.7589
0.419
0.2586
0.255
0.7437
0.6786
0.4741
0.435
0.5802
0.4587
0.6682
0.5204
0.3981
0.4449
0.4812
0.4635
0.4584
0.6256
0.3993
0.265
0.3938
0.4383
0.4285
0.4785
0.3428
0.53
0.471
0.3918
0.4667
0.363
0.3804
0.415
0.4612
0.7889
0.7786
0.7048
0.5119
0.5105
0.4872
0.446
0.3643
0.3516
0.4267
0.6305
0.7055
0.4712
0.3436
0.4573
0.4903
0.5242
0.5081
0.5349
0.5036
0.3933
0.4257
0.4876
0.4922
0.543
0.4926
0.4811
0.5475
0.4182
0.3371
0.6172
0.4728
0.3217
0.3843
0.3267
0.4011
0.5116
0.5075
0.506
0.5946
0.4585
0.4677
0.411
0.2751
0.5105
0.5462
0.4842
0.3421
0.3931
0.3843
0.3326
0.3607
0.3314
0.4481
0.3912
0.5216
0.581
0.5494
0.3593
0.533
0.4577
0.7683
0.347
0.622
0.7964
0.4771
0.3696
0.5151
0.3819
0.4539
0.2567
0.2824
0.4534
0.27526
0.3681
0.20648
0.4196
0.4338
0.4969
0.3883
0.4169
0.4815
0.3925
0.4184
0.3806
0.4367
0.4309
0.3712
0.4173
0.3865
0.4165
0.3391
0.2475
0.27924
0.4365
0.26438
0.3541
0.4553
0.2905
0.2298
0.4175
0.4702
0.3811
0.3402
0.3422
0.451
0.3976
0.5405
0.387
0.46958
0.4693
0.2799
0.4072
0.2587
0.2636
0.3354
0.2259
0.2691
0.301
0.3208
0.3603
0.352
0.1027
0.1322
0.1615
0.1912
0.2581
0.266
0.3042
0.3092
0.3387
0.3682
0.3977
0.168
0.2092
0.3343
0.4584
0.3955
0.4214
0.3351
0.2617
0.2849
0.3863
0.385
0.4341
0.4794
0.5377
0.2853
0.3184
0.2448
0.3242
0.3338
0.3226
0.1874
0.5109
0.4269
0.26338
0.4834
0.3368
0.3433
0.2837
0.3443
0.468
0.3309
0.4155
0.4118
0.103
0.3226
0.4265
0.2486
0.4261
0.3908
0.2629
0.4517
0.25066
0.4369
0.2833
0.2901
0.322
0.3784
0.2394
0.4909
0.3456
0.3531
0.2352
0.2322
0.1466
0.3558
0.4442
0.3126
0.4675
0.2949
0.295
0.2846
0.3961
0.3833
0.491
0.4221
0.4297
0.4715