1689
1689
1689
1689
1203
1689
1689
1473
1372
1755
1697
1727
1618
1618
1511
1580
1537
1641
1826
1610
1684
1679
1651
1549
1549
1618
1600
1800
1618
1572
1753
1544
1575
1539
1887
1356
1397
1397
1524
1524
1600
1397
1524
1524
1397
1397
1397
1575
1499
1516
1631
1450
1519
1494
1486
1588
1557
1562
1524
1422
1575
1321
1397
1689
1495
1833
1805
1308
1524
1762
1762
1524
1588
1448
1524
1651
1537
1610
1524
1427
1473
1420
1359
1377
1486
1486
1305
1770
1572
1463
1334
1359
1661
1397
1359
1308
1245
1486
1486
1486
1486
1486
1486
1461
1435
1440
1575
1537
1549
1473
1473
1473
1473
1473
1407
1410
1504
1473
1397
1278
1356
1412
1613
1511
1488
1346
1410
1544
1461
1435
1379
1422
1422
1468
1430
1453
1427
1529
1549
1461
1471
1473
1448
1400
1392
1547
1430
1435
1486
1328
1417
1425
1427
1524
1455
1377
1397
1468
1697
1697
1511
1565
1709
1692
1511
1702
1740
1321
1285
1270
1732
1461
1283
1321
1600
1397
1321
1207
1245
1412
1468
1694
1725
1725
1080
1524
1725
1289
1725
1524
1725
1725
1914
1725
1725
1384
1422
1473
1181
1732
1851
1732
1438
1397
1168
1397
1483
1499
1448
1763
1727
1465
1397
1410
1400
1390
1510
1300
1689
1270
1270
1530
1400
1380
1530
1396
1050
1448
1524
1326
1316
1524
1219
1422
1321
1435
1520
1270
1191
1424
1619
1578
1219
1359
1255
1525
1524
1448
1389
1476
1471
1340
1395
1468
1422
1715
1582
1400
1384
1525
1524
1500
1525
1524
1525
1524
1422
1212
1350
1298
1322
1422
1382
1475
1281
1378
1396
1675
1220
1440
1440
1476
1670
1670
1390
1720
1400
1495
1141
1504
1402
1402
1401
1405
1309
1395
1572
1443
1450
1630
1577
1400
1400
1401
1610
1531
1516
1525
1525
1525
1525
1658
1658
1658
1658
1658
1658
1658
1658
1658
1658
1658
1658
1658
1658
1658
1658
1658
1658
1658
1658
1658
1450
1451
1574
1439
1401
1400
1501
1601
1452
1619
1585
1682
1360
1638
1450
1602
1401
1501
1676
1697
1524
1115
1428
1199
1601
1525
1525
1500
1501
1420
1690
1524
1525
1501
1698
1201
1500
1401
1401
1502
1501
1501
1456
1380
1524
1505
1568
1228
1520
1530
1443
1525
1520
1530
1523
1530
1517
1200
1522
1534
1380
1380
1370
1200
1537
1518
1230